image_width: 640
image_height: 480
camera_name: camera
camera_matrix:
  rows: 3
  cols: 3
  data: [569.253495, 0.000000, 292.637210, 0.000000, 565.099349, 250.571929, 0.000000, 0.000000, 1.000000]
distortion_model: plumb_bob
distortion_coefficients:
  rows: 1
  cols: 5
  data: [-0.067510, 0.029091, 0.009289, -0.001446, 0.000000]
rectification_matrix:
  rows: 3
  cols: 3
  data: [1.000000, 0.000000, 0.000000, 0.000000, 1.000000, 0.000000, 0.000000, 0.000000, 1.000000]
projection_matrix:
  rows: 3
  cols: 4
  data: [559.066040, 0.000000, 290.916534, 0.000000, 0.000000, 557.659851, 253.808199, 0.000000, 0.000000, 0.000000, 1.000000, 0.000000]
